3998.31069,-0.00319
3997.34631,-0.00297
3996.38194,-0.00293
3995.41756,-0.00319
3994.45318,-0.00361
3993.48880,-0.00367
3992.52442,-0.00346
3991.56005,-0.00346
3990.59567,-0.00372
3989.63129,-0.00404
3988.66691,-0.00376
3987.70253,-0.00355
3986.73816,-0.00373
3985.77378,-0.00354
3984.80940,-0.00363
3983.84502,-0.00406
3982.88065,-0.00389
3981.91627,-0.00349
3980.95189,-0.00380
3979.98751,-0.00404
3979.02313,-0.00355
3978.05876,-0.00329
3977.09438,-0.00357
3976.13000,-0.00390
3975.16562,-0.00391
3974.20124,-0.00358
3973.23687,-0.00349
3972.27249,-0.00393
3971.30811,-0.00419
3970.34373,-0.00408
3969.37935,-0.00410
3968.41498,-0.00384
3967.45060,-0.00322
3966.48622,-0.00301
3965.52184,-0.00316
3964.55747,-0.00324
3963.59309,-0.00349
3962.62871,-0.00378
3961.66433,-0.00368
3960.69995,-0.00370
3959.73558,-0.00381
3958.77120,-0.00380
3957.80682,-0.00360
3956.84244,-0.00334
3955.87806,-0.00346
3954.91369,-0.00335
3953.94931,-0.00330
3952.98493,-0.00344
3952.02055,-0.00342
3951.05618,-0.00340
3950.09180,-0.00321
3949.12742,-0.00323
3948.16304,-0.00338
3947.19866,-0.00371
3946.23429,-0.00397
3945.26991,-0.00377
3944.30553,-0.00380
3943.34115,-0.00367
3942.37677,-0.00351
3941.41240,-0.00370
3940.44802,-0.00402
3939.48364,-0.00433
3938.51926,-0.00396
3937.55488,-0.00356
3936.59051,-0.00341
3935.62613,-0.00329
3934.66175,-0.00331
3933.69737,-0.00304
3932.73300,-0.00313
3931.76862,-0.00350
3930.80424,-0.00357
3929.83986,-0.00353
3928.87548,-0.00346
3927.91111,-0.00373
3926.94673,-0.00372
3925.98235,-0.00329
3925.01797,-0.00327
3924.05359,-0.00354
3923.08922,-0.00364
3922.12484,-0.00359
3921.16046,-0.00379
3920.19608,-0.00406
3919.23171,-0.00412
3918.26733,-0.00384
3917.30295,-0.00343
3916.33857,-0.00356
3915.37419,-0.00359
3914.40982,-0.00358
3913.44544,-0.00407
3912.48106,-0.00424
3911.51668,-0.00393
3910.55230,-0.00369
3909.58793,-0.00381
3908.62355,-0.00367
3907.65917,-0.00319
3906.69479,-0.00323
3905.73041,-0.00344
3904.76604,-0.00359
3903.80166,-0.00381
3902.83728,-0.00376
3901.87290,-0.00340
3900.90853,-0.00325
3899.94415,-0.00330
3898.97977,-0.00308
3898.01539,-0.00307
3897.05101,-0.00340
3896.08664,-0.00379
3895.12226,-0.00410
3894.15788,-0.00383
3893.19350,-0.00337
3892.22912,-0.00333
3891.26475,-0.00362
3890.30037,-0.00369
3889.33599,-0.00345
3888.37161,-0.00340
3887.40724,-0.00339
3886.44286,-0.00329
3885.47848,-0.00340
3884.51410,-0.00345
3883.54972,-0.00334
3882.58535,-0.00362
3881.62097,-0.00371
3880.65659,-0.00331
3879.69221,-0.00326
3878.72783,-0.00330
3877.76346,-0.00343
3876.79908,-0.00355
3875.83470,-0.00341
3874.87032,-0.00357
3873.90594,-0.00365
3872.94157,-0.00355
3871.97719,-0.00358
3871.01281,-0.00346
3870.04843,-0.00329
3869.08406,-0.00319
3868.11968,-0.00300
3867.15530,-0.00299
3866.19092,-0.00326
3865.22654,-0.00334
3864.26217,-0.00317
3863.29779,-0.00317
3862.33341,-0.00337
3861.36903,-0.00352
3860.40465,-0.00364
3859.44028,-0.00364
3858.47590,-0.00340
3857.51152,-0.00302
3856.54714,-0.00285
3855.58276,-0.00337
3854.61839,-0.00358
3853.65401,-0.00317
3852.68963,-0.00306
3851.72525,-0.00290
3850.76088,-0.00301
3849.79650,-0.00317
3848.83212,-0.00325
3847.86774,-0.00341
3846.90336,-0.00336
3845.93899,-0.00360
3844.97461,-0.00357
3844.01023,-0.00339
3843.04585,-0.00326
3842.08147,-0.00269
3841.11710,-0.00274
3840.15272,-0.00297
3839.18834,-0.00307
3838.22396,-0.00331
3837.25959,-0.00313
3836.29521,-0.00304
3835.33083,-0.00319
3834.36645,-0.00325
3833.40207,-0.00321
3832.43770,-0.00321
3831.47332,-0.00317
3830.50894,-0.00317
3829.54456,-0.00344
3828.58018,-0.00333
3827.61581,-0.00306
3826.65143,-0.00328
3825.68705,-0.00359
3824.72267,-0.00371
3823.75829,-0.00347
3822.79392,-0.00333
3821.82954,-0.00350
3820.86516,-0.00313
3819.90078,-0.00281
3818.93641,-0.00304
3817.97203,-0.00312
3817.00765,-0.00306
3816.04327,-0.00317
3815.07889,-0.00351
3814.11452,-0.00347
3813.15014,-0.00325
3812.18576,-0.00349
3811.22138,-0.00335
3810.25700,-0.00303
3809.29263,-0.00302
3808.32825,-0.00306
3807.36387,-0.00318
3806.39949,-0.00293
3805.43512,-0.00265
3804.47074,-0.00287
3803.50636,-0.00323
3802.54198,-0.00319
3801.57760,-0.00280
3800.61323,-0.00289
3799.64885,-0.00332
3798.68447,-0.00351
3797.72009,-0.00347
3796.75571,-0.00337
3795.79134,-0.00340
3794.82696,-0.00338
3793.86258,-0.00308
3792.89820,-0.00264
3791.93382,-0.00264
3790.96945,-0.00302
3790.00507,-0.00301
3789.04069,-0.00296
3788.07631,-0.00330
3787.11194,-0.00337
3786.14756,-0.00314
3785.18318,-0.00294
3784.21880,-0.00304
3783.25442,-0.00342
3782.29005,-0.00328
3781.32567,-0.00277
3780.36129,-0.00256
3779.39691,-0.00243
3778.43253,-0.00248
3777.46816,-0.00283
3776.50378,-0.00303
3775.53940,-0.00296
3774.57502,-0.00272
3773.61065,-0.00243
3772.64627,-0.00233
3771.68189,-0.00252
3770.71751,-0.00267
3769.75313,-0.00264
3768.78876,-0.00279
3767.82438,-0.00302
3766.86000,-0.00316
3765.89562,-0.00340
3764.93124,-0.00319
3763.96687,-0.00279
3763.00249,-0.00279
3762.03811,-0.00297
3761.07373,-0.00322
3760.10935,-0.00310
3759.14498,-0.00310
3758.18060,-0.00337
3757.21622,-0.00323
3756.25184,-0.00322
3755.28747,-0.00327
3754.32309,-0.00298
3753.35871,-0.00276
3752.39433,-0.00285
3751.42995,-0.00288
3750.46558,-0.00286
3749.50120,-0.00295
3748.53682,-0.00300
3747.57244,-0.00349
3746.60806,-0.00374
3745.64369,-0.00321
3744.67931,-0.00259
3743.71493,-0.00252
3742.75055,-0.00298
3741.78618,-0.00277
3740.82180,-0.00236
3739.85742,-0.00244
3738.89304,-0.00266
3737.92866,-0.00313
3736.96429,-0.00313
3735.99991,-0.00277
3735.03553,-0.00253
3734.07115,-0.00255
3733.10677,-0.00281
3732.14240,-0.00284
3731.17802,-0.00292
3730.21364,-0.00296
3729.24926,-0.00274
3728.28488,-0.00245
3727.32051,-0.00236
3726.35613,-0.00245
3725.39175,-0.00256
3724.42737,-0.00283
3723.46300,-0.00287
3722.49862,-0.00260
3721.53424,-0.00236
3720.56986,-0.00224
3719.60548,-0.00216
3718.64111,-0.00225
3717.67673,-0.00277
3716.71235,-0.00305
3715.74797,-0.00315
3714.78359,-0.00323
3713.81922,-0.00310
3712.85484,-0.00308
3711.89046,-0.00294
3710.92608,-0.00292
3709.96171,-0.00293
3708.99733,-0.00271
3708.03295,-0.00272
3707.06857,-0.00285
3706.10419,-0.00272
3705.13982,-0.00231
3704.17544,-0.00222
3703.21106,-0.00232
3702.24668,-0.00244
3701.28230,-0.00275
3700.31793,-0.00271
3699.35355,-0.00268
3698.38917,-0.00285
3697.42479,-0.00297
3696.46041,-0.00302
3695.49604,-0.00269
3694.53166,-0.00257
3693.56728,-0.00292
3692.60290,-0.00310
3691.63853,-0.00325
3690.67415,-0.00334
3689.70977,-0.00337
3688.74539,-0.00343
3687.78101,-0.00296
3686.81664,-0.00260
3685.85226,-0.00269
3684.88788,-0.00276
3683.92350,-0.00302
3682.95912,-0.00296
3681.99475,-0.00267
3681.03037,-0.00264
3680.06599,-0.00268
3679.10161,-0.00296
3678.13724,-0.00297
3677.17286,-0.00280
3676.20848,-0.00293
3675.24410,-0.00294
3674.27972,-0.00280
3673.31535,-0.00267
3672.35097,-0.00241
3671.38659,-0.00219
3670.42221,-0.00235
3669.45783,-0.00245
3668.49346,-0.00234
3667.52908,-0.00240
3666.56470,-0.00237
3665.60032,-0.00252
3664.63594,-0.00293
3663.67157,-0.00266
3662.70719,-0.00230
3661.74281,-0.00248
3660.77843,-0.00234
3659.81406,-0.00223
3658.84968,-0.00234
3657.88530,-0.00212
3656.92092,-0.00196
3655.95654,-0.00214
3654.99217,-0.00245
3654.02779,-0.00256
3653.06341,-0.00238
3652.09903,-0.00237
3651.13465,-0.00267
3650.17028,-0.00275
3649.20590,-0.00238
3648.24152,-0.00234
3647.27714,-0.00264
3646.31276,-0.00297
3645.34839,-0.00295
3644.38401,-0.00236
3643.41963,-0.00226
3642.45525,-0.00265
3641.49088,-0.00259
3640.52650,-0.00244
3639.56212,-0.00244
3638.59774,-0.00226
3637.63336,-0.00239
3636.66899,-0.00275
3635.70461,-0.00263
3634.74023,-0.00264
3633.77585,-0.00290
3632.81147,-0.00275
3631.84710,-0.00250
3630.88272,-0.00257
3629.91834,-0.00257
3628.95396,-0.00208
3627.98959,-0.00181
3627.02521,-0.00193
3626.06083,-0.00217
3625.09645,-0.00255
3624.13207,-0.00262
3623.16770,-0.00256
3622.20332,-0.00274
3621.23894,-0.00290
3620.27456,-0.00267
3619.31018,-0.00236
3618.34581,-0.00236
3617.38143,-0.00241
3616.41705,-0.00243
3615.45267,-0.00234
3614.48829,-0.00238
3613.52392,-0.00256
3612.55954,-0.00239
3611.59516,-0.00236
3610.63078,-0.00249
3609.66641,-0.00234
3608.70203,-0.00222
3607.73765,-0.00229
3606.77327,-0.00224
3605.80889,-0.00210
3604.84452,-0.00208
3603.88014,-0.00209
3602.91576,-0.00195
3601.95138,-0.00176
3600.98700,-0.00201
3600.02263,-0.00230
3599.05825,-0.00238
3598.09387,-0.00242
3597.12949,-0.00211
3596.16512,-0.00210
3595.20074,-0.00250
3594.23636,-0.00262
3593.27198,-0.00245
3592.30760,-0.00230
3591.34323,-0.00239
3590.37885,-0.00219
3589.41447,-0.00201
3588.45009,-0.00224
3587.48571,-0.00248
3586.52134,-0.00257
3585.55696,-0.00229
3584.59258,-0.00206
3583.62820,-0.00190
3582.66382,-0.00166
3581.69945,-0.00191
3580.73507,-0.00227
3579.77069,-0.00234
3578.80631,-0.00238
3577.84194,-0.00252
3576.87756,-0.00233
3575.91318,-0.00176
3574.94880,-0.00166
3573.98442,-0.00186
3573.02005,-0.00164
3572.05567,-0.00154
3571.09129,-0.00198
3570.12691,-0.00211
3569.16253,-0.00189
3568.19816,-0.00196
3567.23378,-0.00212
3566.26940,-0.00207
3565.30502,-0.00179
3564.34065,-0.00175
3563.37627,-0.00173
3562.41189,-0.00159
3561.44751,-0.00184
3560.48313,-0.00198
3559.51876,-0.00231
3558.55438,-0.00288
3557.59000,-0.00257
3556.62562,-0.00182
3555.66124,-0.00147
3554.69687,-0.00130
3553.73249,-0.00126
3552.76811,-0.00148
3551.80373,-0.00176
3550.83935,-0.00194
3549.87498,-0.00195
3548.91060,-0.00166
3547.94622,-0.00151
3546.98184,-0.00182
3546.01747,-0.00187
3545.05309,-0.00164
3544.08871,-0.00179
3543.12433,-0.00188
3542.15995,-0.00171
3541.19558,-0.00173
3540.23120,-0.00182
3539.26682,-0.00190
3538.30244,-0.00200
3537.33806,-0.00203
3536.37369,-0.00185
3535.40931,-0.00174
3534.44493,-0.00198
3533.48055,-0.00206
3532.51618,-0.00191
3531.55180,-0.00171
3530.58742,-0.00166
3529.62304,-0.00172
3528.65866,-0.00166
3527.69429,-0.00157
3526.72991,-0.00164
3525.76553,-0.00211
3524.80115,-0.00232
3523.83677,-0.00204
3522.87240,-0.00168
3521.90802,-0.00143
3520.94364,-0.00160
3519.97926,-0.00162
3519.01488,-0.00149
3518.05051,-0.00152
3517.08613,-0.00159
3516.12175,-0.00183
3515.15737,-0.00172
3514.19300,-0.00146
3513.22862,-0.00152
3512.26424,-0.00163
3511.29986,-0.00163
3510.33548,-0.00158
3509.37111,-0.00170
3508.40673,-0.00171
3507.44235,-0.00155
3506.47797,-0.00128
3505.51359,-0.00118
3504.54922,-0.00136
3503.58484,-0.00158
3502.62046,-0.00181
3501.65608,-0.00154
3500.69171,-0.00128
3499.72733,-0.00159
3498.76295,-0.00174
3497.79857,-0.00169
3496.83419,-0.00154
3495.86982,-0.00143
3494.90544,-0.00148
3493.94106,-0.00155
3492.97668,-0.00170
3492.01230,-0.00188
3491.04793,-0.00194
3490.08355,-0.00183
3489.11917,-0.00189
3488.15479,-0.00193
3487.19041,-0.00191
3486.22604,-0.00204
3485.26166,-0.00170
3484.29728,-0.00116
3483.33290,-0.00102
3482.36853,-0.00104
3481.40415,-0.00115
3480.43977,-0.00112
3479.47539,-0.00116
3478.51101,-0.00140
3477.54664,-0.00128
3476.58226,-0.00137
3475.61788,-0.00176
3474.65350,-0.00166
3473.68912,-0.00168
3472.72475,-0.00188
3471.76037,-0.00156
3470.79599,-0.00123
3469.83161,-0.00121
3468.86724,-0.00116
3467.90286,-0.00118
3466.93848,-0.00138
3465.97410,-0.00147
3465.00972,-0.00149
3464.04535,-0.00160
3463.08097,-0.00159
3462.11659,-0.00155
3461.15221,-0.00171
3460.18783,-0.00176
3459.22346,-0.00151
3458.25908,-0.00145
3457.29470,-0.00151
3456.33032,-0.00132
3455.36594,-0.00120
3454.40157,-0.00130
3453.43719,-0.00137
3452.47281,-0.00120
3451.50843,-0.00121
3450.54406,-0.00135
3449.57968,-0.00122
3448.61530,-0.00129
3447.65092,-0.00115
3446.68654,-0.00075
3445.72217,-0.00087
3444.75779,-0.00119
3443.79341,-0.00130
3442.82903,-0.00128
3441.86465,-0.00133
3440.90028,-0.00121
3439.93590,-0.00120
3438.97152,-0.00134
3438.00714,-0.00114
3437.04276,-0.00108
3436.07839,-0.00093
3435.11401,-0.00088
3434.14963,-0.00114
3433.18525,-0.00132
3432.22088,-0.00176
3431.25650,-0.00168
3430.29212,-0.00109
3429.32774,-0.00068
3428.36336,-0.00061
3427.39899,-0.00099
3426.43461,-0.00120
3425.47023,-0.00140
3424.50585,-0.00151
3423.54147,-0.00144
3422.57710,-0.00130
3421.61272,-0.00099
3420.64834,-0.00117
3419.68396,-0.00126
3418.71959,-0.00093
3417.75521,-0.00077
3416.79083,-0.00081
3415.82645,-0.00114
3414.86207,-0.00145
3413.89770,-0.00145
3412.93332,-0.00110
3411.96894,-0.00079
3411.00456,-0.00084
3410.04018,-0.00096
3409.07581,-0.00092
3408.11143,-0.00097
3407.14705,-0.00118
3406.18267,-0.00121
3405.21829,-0.00128
3404.25392,-0.00114
3403.28954,-0.00071
3402.32516,-0.00083
3401.36078,-0.00126
3400.39641,-0.00137
3399.43203,-0.00111
3398.46765,-0.00110
3397.50327,-0.00125
3396.53889,-0.00123
3395.57452,-0.00123
3394.61014,-0.00100
3393.64576,-0.00113
3392.68138,-0.00126
3391.71700,-0.00098
3390.75263,-0.00106
3389.78825,-0.00121
3388.82387,-0.00136
3387.85949,-0.00130
3386.89512,-0.00105
3385.93074,-0.00086
3384.96636,-0.00087
3384.00198,-0.00144
3383.03760,-0.00148
3382.07323,-0.00097
3381.10885,-0.00104
3380.14447,-0.00120
3379.18009,-0.00104
3378.21571,-0.00102
3377.25134,-0.00118
3376.28696,-0.00120
3375.32258,-0.00129
3374.35820,-0.00128
3373.39382,-0.00112
3372.42945,-0.00113
3371.46507,-0.00112
3370.50069,-0.00100
3369.53631,-0.00071
3368.57194,-0.00068
3367.60756,-0.00077
3366.64318,-0.00059
3365.67880,-0.00086
3364.71442,-0.00112
3363.75005,-0.00099
3362.78567,-0.00104
3361.82129,-0.00113
3360.85691,-0.00123
3359.89253,-0.00110
3358.92816,-0.00077
3357.96378,-0.00080
3356.99940,-0.00088
3356.03502,-0.00080
3355.07065,-0.00084
3354.10627,-0.00083
3353.14189,-0.00093
3352.17751,-0.00131
3351.21313,-0.00143
3350.24876,-0.00137
3349.28438,-0.00135
3348.32000,-0.00098
3347.35562,-0.00058
3346.39124,-0.00065
3345.42687,-0.00083
3344.46249,-0.00080
3343.49811,-0.00094
3342.53373,-0.00113
3341.56935,-0.00099
3340.60498,-0.00088
3339.64060,-0.00079
3338.67622,-0.00058
3337.71184,-0.00065
3336.74747,-0.00089
3335.78309,-0.00090
3334.81871,-0.00088
3333.85433,-0.00103
3332.88995,-0.00079
3331.92558,-0.00062
3330.96120,-0.00107
3329.99682,-0.00126
3329.03244,-0.00115
3328.06806,-0.00090
3327.10369,-0.00051
3326.13931,-0.00043
3325.17493,-0.00058
3324.21055,-0.00079
3323.24618,-0.00089
3322.28180,-0.00086
3321.31742,-0.00087
3320.35304,-0.00082
3319.38866,-0.00094
3318.42429,-0.00097
3317.45991,-0.00081
3316.49553,-0.00072
3315.53115,-0.00069
3314.56677,-0.00078
3313.60240,-0.00068
3312.63802,-0.00048
3311.67364,-0.00049
3310.70926,-0.00029
3309.74488,-0.00019
3308.78051,-0.00053
3307.81613,-0.00071
3306.85175,-0.00064
3305.88737,-0.00071
3304.92300,-0.00084
3303.95862,-0.00091
3302.99424,-0.00085
3302.02986,-0.00070
3301.06548,-0.00074
3300.10111,-0.00080
3299.13673,-0.00072
3298.17235,-0.00069
3297.20797,-0.00070
3296.24359,-0.00074
3295.27922,-0.00063
3294.31484,-0.00052
3293.35046,-0.00057
3292.38608,-0.00076
3291.42171,-0.00093
3290.45733,-0.00074
3289.49295,-0.00066
3288.52857,-0.00069
3287.56419,-0.00059
3286.59982,-0.00073
3285.63544,-0.00068
3284.67106,-0.00049
3283.70668,-0.00058
3282.74230,-0.00085
3281.77793,-0.00086
3280.81355,-0.00049
3279.84917,-0.00034
3278.88479,-0.00040
3277.92041,-0.00051
3276.95604,-0.00054
3275.99166,-0.00042
3275.02728,-0.00031
3274.06290,-0.00019
3273.09853,-0.00023
3272.13415,-0.00049
3271.16977,-0.00064
3270.20539,-0.00046
3269.24101,-0.00044
3268.27664,-0.00057
3267.31226,-0.00048
3266.34788,-0.00056
3265.38350,-0.00060
3264.41912,-0.00048
3263.45475,-0.00035
3262.49037,-0.00036
3261.52599,-0.00061
3260.56161,-0.00050
3259.59724,-0.00030
3258.63286,-0.00035
3257.66848,-0.00029
3256.70410,-0.00024
3255.73972,-0.00025
3254.77535,-0.00041
3253.81097,-0.00060
3252.84659,-0.00049
3251.88221,-0.00039
3250.91783,-0.00043
3249.95346,-0.00033
3248.98908,-0.00025
3248.02470,-0.00023
3247.06032,-0.00025
3246.09594,-0.00045
3245.13157,-0.00056
3244.16719,-0.00058
3243.20281,-0.00054
3242.23843,-0.00037
3241.27406,-0.00026
3240.30968,-0.00016
3239.34530,-0.00009
3238.38092,-0.00003
3237.41654,-0.00008
3236.45217,-0.00016
3235.48779,-0.00016
3234.52341,-0.00020
3233.55903,-0.00019
3232.59465,-0.00026
3231.63028,-0.00033
3230.66590,-0.00016
3229.70152,0.00005
3228.73714,0.00000
3227.77276,-0.00032
3226.80839,-0.00049
3225.84401,-0.00051
3224.87963,-0.00062
3223.91525,-0.00041
3222.95088,0.00002
3221.98650,0.00003
3221.02212,-0.00019
3220.05774,-0.00011
3219.09336,0.00002
3218.12899,-0.00018
3217.16461,-0.00034
3216.20023,-0.00030
3215.23585,-0.00028
3214.27147,-0.00010
3213.30710,0.00002
3212.34272,-0.00008
3211.37834,0.00009
3210.41396,0.00034
3209.44959,0.00024
3208.48521,0.00017
3207.52083,0.00031
3206.55645,0.00019
3205.59207,0.00000
3204.62770,0.00002
3203.66332,-0.00012
3202.69894,-0.00015
3201.73456,0.00003
3200.77018,-0.00009
3199.80581,-0.00024
3198.84143,-0.00003
3197.87705,0.00003
3196.91267,-0.00010
3195.94829,-0.00006
3194.98392,-0.00003
3194.01954,0.00009
3193.05516,0.00013
3192.09078,0.00008
3191.12641,0.00023
3190.16203,0.00002
3189.19765,-0.00017
3188.23327,0.00006
3187.26889,0.00021
3186.30452,0.00024
3185.34014,0.00035
3184.37576,0.00051
3183.41138,0.00040
3182.44700,0.00039
3181.48263,0.00049
3180.51825,0.00038
3179.55387,0.00038
3178.58949,0.00024
3177.62512,0.00010
3176.66074,0.00027
3175.69636,0.00029
3174.73198,0.00016
3173.76760,0.00013
3172.80323,0.00027
3171.83885,0.00040
3170.87447,0.00028
3169.91009,0.00017
3168.94571,0.00017
3167.98134,0.00023
3167.01696,0.00053
3166.05258,0.00048
3165.08820,0.00021
3164.12382,0.00016
3163.15945,0.00002
3162.19507,0.00009
3161.23069,0.00002
3160.26631,-0.00018
3159.30194,0.00018
3158.33756,0.00035
3157.37318,0.00019
3156.40880,0.00015
3155.44442,0.00008
3154.48005,-0.00012
3153.51567,-0.00029
3152.55129,-0.00001
3151.58691,0.00034
3150.62253,0.00044
3149.65816,0.00041
3148.69378,0.00011
3147.72940,0.00002
3146.76502,0.00028
3145.80065,0.00033
3144.83627,0.00043
3143.87189,0.00055
3142.90751,0.00043
3141.94313,0.00038
3140.97876,0.00032
3140.01438,0.00037
3139.05000,0.00054
3138.08562,0.00057
3137.12124,0.00045
3136.15687,0.00019
3135.19249,0.00008
3134.22811,-0.00010
3133.26373,-0.00030
3132.29935,-0.00005
3131.33498,0.00012
3130.37060,0.00009
3129.40622,0.00023
3128.44184,0.00036
3127.47747,0.00039
3126.51309,0.00045
3125.54871,0.00042
3124.58433,0.00035
3123.61995,0.00037
3122.65558,0.00033
3121.69120,0.00032
3120.72682,0.00031
3119.76244,0.00050
3118.79806,0.00078
3117.83369,0.00067
3116.86931,0.00048
3115.90493,0.00026
3114.94055,0.00028
3113.97618,0.00056
3113.01180,0.00058
3112.04742,0.00044
3111.08304,0.00046
3110.11866,0.00060
3109.15429,0.00047
3108.18991,0.00037
3107.22553,0.00054
3106.26115,0.00053
3105.29677,0.00050
3104.33240,0.00034
3103.36802,0.00012
3102.40364,0.00025
3101.43926,0.00053
3100.47488,0.00066
3099.51051,0.00054
3098.54613,0.00044
3097.58175,0.00041
3096.61737,0.00034
3095.65300,0.00029
3094.68862,0.00030
3093.72424,0.00028
3092.75986,0.00032
3091.79548,0.00052
3090.83111,0.00051
3089.86673,0.00042
3088.90235,0.00054
3087.93797,0.00056
3086.97359,0.00042
3086.00922,0.00039
3085.04484,0.00055
3084.08046,0.00057
3083.11608,0.00039
3082.15171,0.00056
3081.18733,0.00072
3080.22295,0.00048
3079.25857,0.00045
3078.29419,0.00048
3077.32982,0.00038
3076.36544,0.00056
3075.40106,0.00078
3074.43668,0.00079
3073.47230,0.00060
3072.50793,0.00050
3071.54355,0.00052
3070.57917,0.00058
3069.61479,0.00072
3068.65041,0.00057
3067.68604,0.00040
3066.72166,0.00040
3065.75728,0.00034
3064.79290,0.00038
3063.82853,0.00042
3062.86415,0.00048
3061.89977,0.00057
3060.93539,0.00071
3059.97101,0.00073
3059.00664,0.00057
3058.04226,0.00071
3057.07788,0.00069
3056.11350,0.00062
3055.14912,0.00077
3054.18475,0.00051
3053.22037,0.00040
3052.25599,0.00050
3051.29161,0.00042
3050.32724,0.00055
3049.36286,0.00061
3048.39848,0.00051
3047.43410,0.00048
3046.46972,0.00048
3045.50535,0.00055
3044.54097,0.00062
3043.57659,0.00071
3042.61221,0.00072
3041.64783,0.00069
3040.68346,0.00063
3039.71908,0.00042
3038.75470,0.00049
3037.79032,0.00067
3036.82594,0.00061
3035.86157,0.00065
3034.89719,0.00071
3033.93281,0.00059
3032.96843,0.00047
3032.00406,0.00044
3031.03968,0.00045
3030.07530,0.00051
3029.11092,0.00066
3028.14654,0.00071
3027.18217,0.00062
3026.21779,0.00057
3025.25341,0.00051
3024.28903,0.00030
3023.32465,0.00025
3022.36028,0.00048
3021.39590,0.00058
3020.43152,0.00059
3019.46714,0.00082
3018.50276,0.00100
3017.53839,0.00083
3016.57401,0.00056
3015.60963,0.00061
3014.64525,0.00071
3013.68088,0.00055
3012.71650,0.00049
3011.75212,0.00066
3010.78774,0.00077
3009.82336,0.00076
3008.85899,0.00072
3007.89461,0.00063
3006.93023,0.00040
3005.96585,0.00041
3005.00147,0.00077
3004.03710,0.00087
3003.07272,0.00071
3002.10834,0.00068
3001.14396,0.00082
3000.17959,0.00087
2999.21521,0.00072
2998.25083,0.00076
2997.28645,0.00092
2996.32207,0.00091
2995.35770,0.00090
2994.39332,0.00083
2993.42894,0.00071
2992.46456,0.00080
2991.50018,0.00082
2990.53581,0.00059
2989.57143,0.00060
2988.60705,0.00072
2987.64267,0.00073
2986.67829,0.00076
2985.71392,0.00072
2984.74954,0.00074
2983.78516,0.00084
2982.82078,0.00088
2981.85641,0.00079
2980.89203,0.00063
2979.92765,0.00073
2978.96327,0.00077
2977.99889,0.00073
2977.03452,0.00075
2976.07014,0.00057
2975.10576,0.00055
2974.14138,0.00081
2973.17700,0.00097
2972.21263,0.00092
2971.24825,0.00075
2970.28387,0.00068
2969.31949,0.00086
2968.35512,0.00100
2967.39074,0.00085
2966.42636,0.00061
2965.46198,0.00052
2964.49760,0.00064
2963.53323,0.00071
2962.56885,0.00066
2961.60447,0.00067
2960.64009,0.00076
2959.67571,0.00091
2958.71134,0.00079
2957.74696,0.00065
2956.78258,0.00081
2955.81820,0.00101
2954.85382,0.00106
2953.88945,0.00092
2952.92507,0.00090
2951.96069,0.00104
2950.99631,0.00108
2950.03194,0.00109
2949.06756,0.00097
2948.10318,0.00082
2947.13880,0.00086
2946.17442,0.00091
2945.21005,0.00096
2944.24567,0.00110
2943.28129,0.00122
2942.31691,0.00115
2941.35253,0.00104
2940.38816,0.00114
2939.42378,0.00121
2938.45940,0.00112
2937.49502,0.00114
2936.53065,0.00124
2935.56627,0.00129
2934.60189,0.00134
2933.63751,0.00131
2932.67313,0.00129
2931.70876,0.00143
2930.74438,0.00155
2929.78000,0.00152
2928.81562,0.00134
2927.85124,0.00136
2926.88687,0.00148
2925.92249,0.00134
2924.95811,0.00122
2923.99373,0.00115
2923.02935,0.00103
2922.06498,0.00120
2921.10060,0.00145
2920.13622,0.00140
2919.17184,0.00127
2918.20747,0.00112
2917.24309,0.00093
2916.27871,0.00092
2915.31433,0.00104
2914.34995,0.00107
2913.38558,0.00124
2912.42120,0.00127
2911.45682,0.00100
2910.49244,0.00100
2909.52806,0.00123
2908.56369,0.00124
2907.59931,0.00099
2906.63493,0.00093
2905.67055,0.00113
2904.70618,0.00111
2903.74180,0.00094
2902.77742,0.00088
2901.81304,0.00088
2900.84866,0.00083
2899.88429,0.00077
2898.91991,0.00081
2897.95553,0.00085
2896.99115,0.00099
2896.02677,0.00108
2895.06240,0.00099
2894.09802,0.00096
2893.13364,0.00090
2892.16926,0.00093
2891.20488,0.00098
2890.24051,0.00089
2889.27613,0.00084
2888.31175,0.00103
2887.34737,0.00121
2886.38300,0.00104
2885.41862,0.00084
2884.45424,0.00089
2883.48986,0.00093
2882.52548,0.00094
2881.56111,0.00099
2880.59673,0.00092
2879.63235,0.00092
2878.66797,0.00106
2877.70359,0.00106
2876.73922,0.00097
2875.77484,0.00092
2874.81046,0.00086
2873.84608,0.00087
2872.88171,0.00093
2871.91733,0.00099
2870.95295,0.00101
2869.98857,0.00097
2869.02419,0.00096
2868.05982,0.00106
2867.09544,0.00108
2866.13106,0.00113
2865.16668,0.00127
2864.20230,0.00123
2863.23793,0.00121
2862.27355,0.00123
2861.30917,0.00118
2860.34479,0.00116
2859.38041,0.00105
2858.41604,0.00115
2857.45166,0.00137
2856.48728,0.00135
2855.52290,0.00121
2854.55853,0.00110
2853.59415,0.00112
2852.62977,0.00107
2851.66539,0.00104
2850.70101,0.00113
2849.73664,0.00106
2848.77226,0.00098
2847.80788,0.00103
2846.84350,0.00097
2845.87912,0.00085
2844.91475,0.00093
2843.95037,0.00101
2842.98599,0.00090
2842.02161,0.00088
2841.05724,0.00095
2840.09286,0.00102
2839.12848,0.00104
2838.16410,0.00111
2837.19972,0.00100
2836.23535,0.00071
2835.27097,0.00083
2834.30659,0.00107
2833.34221,0.00105
2832.37783,0.00105
2831.41346,0.00104
2830.44908,0.00093
2829.48470,0.00089
2828.52032,0.00091
2827.55594,0.00086
2826.59157,0.00085
2825.62719,0.00084
2824.66281,0.00084
2823.69843,0.00089
2822.73406,0.00084
2821.76968,0.00086
2820.80530,0.00086
2819.84092,0.00082
2818.87654,0.00089
2817.91217,0.00091
2816.94779,0.00090
2815.98341,0.00090
2815.01903,0.00094
2814.05465,0.00095
2813.09028,0.00081
2812.12590,0.00066
2811.16152,0.00067
2810.19714,0.00084
2809.23276,0.00085
2808.26839,0.00084
2807.30401,0.00090
2806.33963,0.00086
2805.37525,0.00086
2804.41088,0.00081
2803.44650,0.00081
2802.48212,0.00086
2801.51774,0.00072
2800.55336,0.00062
2799.58899,0.00070
2798.62461,0.00084
2797.66023,0.00092
2796.69585,0.00095
2795.73147,0.00093
2794.76710,0.00089
2793.80272,0.00093
2792.83834,0.00091
2791.87396,0.00099
2790.90959,0.00106
2789.94521,0.00099
2788.98083,0.00086
2788.01645,0.00071
2787.05207,0.00078
2786.08770,0.00086
2785.12332,0.00082
2784.15894,0.00078
2783.19456,0.00075
2782.23018,0.00074
2781.26581,0.00069
2780.30143,0.00069
2779.33705,0.00065
2778.37267,0.00079
2777.40829,0.00101
2776.44392,0.00089
2775.47954,0.00082
2774.51516,0.00081
2773.55078,0.00081
2772.58641,0.00086
2771.62203,0.00085
2770.65765,0.00087
2769.69327,0.00083
2768.72889,0.00081
2767.76452,0.00082
2766.80014,0.00072
2765.83576,0.00064
2764.87138,0.00076
2763.90700,0.00093
2762.94263,0.00085
2761.97825,0.00072
2761.01387,0.00072
2760.04949,0.00085
2759.08512,0.00091
2758.12074,0.00086
2757.15636,0.00087
2756.19198,0.00080
2755.22760,0.00078
2754.26323,0.00087
2753.29885,0.00091
2752.33447,0.00089
2751.37009,0.00080
2750.40571,0.00070
2749.44134,0.00065
2748.47696,0.00070
2747.51258,0.00077
2746.54820,0.00078
2745.58382,0.00073
2744.61945,0.00076
2743.65507,0.00080
2742.69069,0.00073
2741.72631,0.00073
2740.76194,0.00088
2739.79756,0.00095
2738.83318,0.00076
2737.86880,0.00065
2736.90442,0.00073
2735.94005,0.00072
2734.97567,0.00084
2734.01129,0.00089
2733.04691,0.00070
2732.08253,0.00055
2731.11816,0.00052
2730.15378,0.00063
2729.18940,0.00079
2728.22502,0.00081
2727.26065,0.00065
2726.29627,0.00053
2725.33189,0.00053
2724.36751,0.00059
2723.40313,0.00066
2722.43876,0.00075
2721.47438,0.00091
2720.51000,0.00086
2719.54562,0.00072
2718.58124,0.00073
2717.61687,0.00072
2716.65249,0.00060
2715.68811,0.00053
2714.72373,0.00066
2713.75935,0.00076
2712.79498,0.00081
2711.83060,0.00076
2710.86622,0.00072
2709.90184,0.00090
2708.93747,0.00091
2707.97309,0.00084
2707.00871,0.00088
2706.04433,0.00101
2705.07995,0.00099
2704.11558,0.00080
2703.15120,0.00083
2702.18682,0.00086
2701.22244,0.00086
2700.25806,0.00089
2699.29369,0.00080
2698.32931,0.00074
2697.36493,0.00068
2696.40055,0.00065
2695.43618,0.00072
2694.47180,0.00077
2693.50742,0.00074
2692.54304,0.00088
2691.57866,0.00109
2690.61429,0.00102
2689.64991,0.00088
2688.68553,0.00085
2687.72115,0.00083
2686.75677,0.00076
2685.79240,0.00074
2684.82802,0.00077
2683.86364,0.00079
2682.89926,0.00082
2681.93488,0.00082
2680.97051,0.00086
2680.00613,0.00084
2679.04175,0.00070
2678.07737,0.00067
2677.11300,0.00078
2676.14862,0.00080
2675.18424,0.00079
2674.21986,0.00081
2673.25548,0.00072
2672.29111,0.00069
2671.32673,0.00069
2670.36235,0.00070
2669.39797,0.00077
2668.43359,0.00069
2667.46922,0.00073
2666.50484,0.00080
2665.54046,0.00076
2664.57608,0.00077
2663.61171,0.00074
2662.64733,0.00070
2661.68295,0.00071
2660.71857,0.00075
2659.75419,0.00069
2658.78982,0.00057
2657.82544,0.00061
2656.86106,0.00072
2655.89668,0.00072
2654.93230,0.00065
2653.96793,0.00069
2653.00355,0.00073
2652.03917,0.00068
2651.07479,0.00073
2650.11041,0.00072
2649.14604,0.00068
2648.18166,0.00074
2647.21728,0.00076
2646.25290,0.00076
2645.28853,0.00079
2644.32415,0.00070
2643.35977,0.00058
2642.39539,0.00078
2641.43101,0.00094
2640.46664,0.00094
2639.50226,0.00098
2638.53788,0.00081
2637.57350,0.00065
2636.60912,0.00063
2635.64475,0.00054
2634.68037,0.00057
2633.71599,0.00071
2632.75161,0.00062
2631.78724,0.00065
2630.82286,0.00079
2629.85848,0.00066
2628.89410,0.00059
2627.92972,0.00059
2626.96535,0.00056
2626.00097,0.00068
2625.03659,0.00085
2624.07221,0.00085
2623.10783,0.00067
2622.14346,0.00064
2621.17908,0.00070
2620.21470,0.00062
2619.25032,0.00060
2618.28594,0.00062
2617.32157,0.00067
2616.35719,0.00072
2615.39281,0.00068
2614.42843,0.00073
2613.46406,0.00072
2612.49968,0.00065
2611.53530,0.00067
2610.57092,0.00068
2609.60654,0.00090
2608.64217,0.00110
2607.67779,0.00093
2606.71341,0.00072
2605.74903,0.00070
2604.78465,0.00087
2603.82028,0.00086
2602.85590,0.00066
2601.89152,0.00072
2600.92714,0.00080
2599.96276,0.00082
2598.99839,0.00093
2598.03401,0.00083
2597.06963,0.00060
2596.10525,0.00057
2595.14088,0.00063
2594.17650,0.00054
2593.21212,0.00044
2592.24774,0.00061
2591.28336,0.00061
2590.31899,0.00042
2589.35461,0.00048
2588.39023,0.00062
2587.42585,0.00070
2586.46147,0.00079
2585.49710,0.00094
2584.53272,0.00118
2583.56834,0.00119
2582.60396,0.00080
2581.63959,0.00061
2580.67521,0.00084
2579.71083,0.00087
2578.74645,0.00084
2577.78207,0.00088
2576.81770,0.00064
2575.85332,0.00034
2574.88894,0.00035
2573.92456,0.00081
2572.96018,0.00117
2571.99581,0.00110
2571.03143,0.00072
2570.06705,0.00051
2569.10267,0.00082
2568.13829,0.00090
2567.17392,0.00098
2566.20954,0.00113
2565.24516,0.00091
2564.28078,0.00090
2563.31641,0.00098
2562.35203,0.00096
2561.38765,0.00101
2560.42327,0.00099
2559.45889,0.00100
2558.49452,0.00095
2557.53014,0.00080
2556.56576,0.00087
2555.60138,0.00110
2554.63700,0.00093
2553.67263,0.00082
2552.70825,0.00090
2551.74387,0.00070
2550.77949,0.00073
2549.81512,0.00080
2548.85074,0.00078
2547.88636,0.00084
2546.92198,0.00086
2545.95760,0.00110
2544.99323,0.00140
2544.02885,0.00148
2543.06447,0.00102
2542.10009,0.00029
2541.13571,0.00035
2540.17134,0.00079
2539.20696,0.00083
2538.24258,0.00080
2537.27820,0.00079
2536.31382,0.00073
2535.34945,0.00084
2534.38507,0.00101
2533.42069,0.00104
2532.45631,0.00082
2531.49194,0.00059
2530.52756,0.00073
2529.56318,0.00086
2528.59880,0.00065
2527.63442,0.00051
2526.67005,0.00060
2525.70567,0.00072
2524.74129,0.00078
2523.77691,0.00100
2522.81253,0.00109
2521.84816,0.00077
2520.88378,0.00051
2519.91940,0.00051
2518.95502,0.00072
2517.99065,0.00087
2517.02627,0.00094
2516.06189,0.00110
2515.09751,0.00092
2514.13313,0.00050
2513.16876,0.00040
2512.20438,0.00049
2511.24000,0.00043
2510.27562,0.00030
2509.31124,0.00039
2508.34687,0.00047
2507.38249,0.00060
2506.41811,0.00077
2505.45373,0.00073
2504.48935,0.00069
2503.52498,0.00065
2502.56060,0.00060
2501.59622,0.00067
2500.63184,0.00075
2499.66747,0.00063
2498.70309,0.00037
2497.73871,0.00061
2496.77433,0.00122
2495.80995,0.00136
2494.84558,0.00089
2493.88120,0.00058
2492.91682,0.00086
2491.95244,0.00109
2490.98806,0.00117
2490.02369,0.00107
2489.05931,0.00070
2488.09493,0.00055
2487.13055,0.00040
2486.16618,0.00045
2485.20180,0.00071
2484.23742,0.00075
2483.27304,0.00088
2482.30866,0.00097
2481.34429,0.00096
2480.37991,0.00093
2479.41553,0.00074
2478.45115,0.00078
2477.48677,0.00100
2476.52240,0.00110
2475.55802,0.00129
2474.59364,0.00140
2473.62926,0.00128
2472.66488,0.00105
2471.70051,0.00059
2470.73613,0.00028
2469.77175,0.00044
2468.80737,0.00056
2467.84300,0.00026
2466.87862,-0.00012
2465.91424,0.00016
2464.94986,0.00072
2463.98548,0.00073
2463.02111,0.00063
2462.05673,0.00079
2461.09235,0.00084
2460.12797,0.00075
2459.16359,0.00074
2458.19922,0.00055
2457.23484,0.00048
2456.27046,0.00098
2455.30608,0.00111
2454.34171,0.00080
2453.37733,0.00069
2452.41295,0.00078
2451.44857,0.00084
2450.48419,0.00065
2449.51982,0.00050
2448.55544,0.00040
2447.59106,0.00027
2446.62668,0.00043
2445.66230,0.00084
2444.69793,0.00095
2443.73355,0.00076
2442.76917,0.00070
2441.80479,0.00066
2440.84041,0.00093
2439.87604,0.00116
2438.91166,0.00079
2437.94728,0.00085
2436.98290,0.00112
2436.01853,0.00099
2435.05415,0.00105
2434.08977,0.00111
2433.12539,0.00096
2432.16101,0.00101
2431.19664,0.00090
2430.23226,0.00046
2429.26788,0.00045
2428.30350,0.00063
2427.33912,0.00064
2426.37475,0.00060
2425.41037,0.00058
2424.44599,0.00091
2423.48161,0.00096
2422.51724,0.00072
2421.55286,0.00077
2420.58848,0.00099
2419.62410,0.00115
2418.65972,0.00111
2417.69535,0.00092
2416.73097,0.00065
2415.76659,0.00081
2414.80221,0.00099
2413.83783,0.00070
2412.87346,0.00062
2411.90908,0.00078
2410.94470,0.00111
2409.98032,0.00124
2409.01594,0.00079
2408.05157,0.00057
2407.08719,0.00080
2406.12281,0.00093
2405.15843,0.00082
2404.19406,0.00079
2403.22968,0.00088
2402.26530,0.00104
2401.30092,0.00106
2400.33654,0.00084
2399.37217,0.00089
2398.40779,0.00097
2397.44341,0.00071
2396.47903,0.00047
2395.51465,0.00060
2394.55028,0.00092
2393.58590,0.00107
2392.62152,0.00094
2391.65714,0.00067
2390.69276,0.00081
2389.72839,0.00095
2388.76401,0.00073
2387.79963,0.00073
2386.83525,0.00084
2385.87088,0.00100
2384.90650,0.00097
2383.94212,0.00073
2382.97774,0.00083
2382.01336,0.00088
2381.04899,0.00076
2380.08461,0.00086
2379.12023,0.00104
2378.15585,0.00125
2377.19147,0.00138
2376.22710,0.00141
2375.26272,0.00164
2374.29834,0.00194
2373.33396,0.00204
2372.36959,0.00207
2371.40521,0.00216
2370.44083,0.00224
2369.47645,0.00233
2368.51207,0.00243
2367.54770,0.00239
2366.58332,0.00224
2365.61894,0.00223
2364.65456,0.00237
2363.69018,0.00250
2362.72581,0.00256
2361.76143,0.00258
2360.79705,0.00257
2359.83267,0.00263
2358.86829,0.00286
2357.90392,0.00288
2356.93954,0.00251
2355.97516,0.00229
2355.01078,0.00231
2354.04641,0.00221
2353.08203,0.00206
2352.11765,0.00188
2351.15327,0.00157
2350.18889,0.00130
2349.22452,0.00125
2348.26014,0.00141
2347.29576,0.00164
2346.33138,0.00177
2345.36700,0.00183
2344.40263,0.00187
2343.43825,0.00195
2342.47387,0.00206
2341.50949,0.00209
2340.54512,0.00207
2339.58074,0.00204
2338.61636,0.00205
2337.65198,0.00211
2336.68760,0.00212
2335.72323,0.00202
2334.75885,0.00213
2333.79447,0.00230
2332.83009,0.00221
2331.86571,0.00220
2330.90134,0.00227
2329.93696,0.00219
2328.97258,0.00211
2328.00820,0.00217
2327.04382,0.00209
2326.07945,0.00188
2325.11507,0.00194
2324.15069,0.00203
2323.18631,0.00195
2322.22194,0.00185
2321.25756,0.00155
2320.29318,0.00124
2319.32880,0.00127
2318.36442,0.00149
2317.40005,0.00157
2316.43567,0.00137
2315.47129,0.00112
2314.50691,0.00115
2313.54253,0.00114
2312.57816,0.00094
2311.61378,0.00100
2310.64940,0.00112
2309.68502,0.00107
2308.72065,0.00086
2307.75627,0.00078
2306.79189,0.00101
2305.82751,0.00097
2304.86313,0.00085
2303.89876,0.00096
2302.93438,0.00093
2301.97000,0.00075
2301.00562,0.00069
2300.04124,0.00081
2299.07687,0.00082
2298.11249,0.00077
2297.14811,0.00073
2296.18373,0.00056
2295.21935,0.00060
2294.25498,0.00091
2293.29060,0.00119
2292.32622,0.00099
2291.36184,0.00072
2290.39747,0.00088
2289.43309,0.00099
2288.46871,0.00086
2287.50433,0.00095
2286.53995,0.00157
2285.57558,0.00154
2284.61120,0.00066
2283.64682,0.00057
2282.68244,0.00112
2281.71806,0.00130
2280.75369,0.00091
2279.78931,0.00073
2278.82493,0.00107
2277.86055,0.00089
2276.89618,0.00076
2275.93180,0.00091
2274.96742,0.00069
2274.00304,0.00104
2273.03866,0.00139
2272.07429,0.00123
2271.10991,0.00137
2270.14553,0.00136
2269.18115,0.00136
2268.21677,0.00136
2267.25240,0.00136
2266.28802,0.00135
2265.32364,0.00135
2264.35926,0.00135
2263.39488,0.00134
2262.43051,0.00134
2261.46613,0.00134
2260.50175,0.00134
2259.53737,0.00133
2258.57300,0.00133
2257.60862,0.00133
2256.64424,0.00132
2255.67986,0.00132
2254.71548,0.00132
2253.75111,0.00132
2252.78673,0.00131
2251.82235,0.00131
2250.85797,0.00131
2249.89359,0.00130
2248.92922,0.00130
2247.96484,0.00130
2247.00046,0.00130
2246.03608,0.00129
2245.07171,0.00129
2244.10733,0.00129
2243.14295,0.00128
2242.17857,0.00128
2241.21419,0.00128
2240.24982,0.00128
2239.28544,0.00127
2238.32106,0.00127
2237.35668,0.00127
2236.39230,0.00126
2235.42793,0.00126
2234.46355,0.00126
2233.49917,0.00126
2232.53479,0.00125
2231.57041,0.00125
2230.60604,0.00125
2229.64166,0.00124
2228.67728,0.00124
2227.71290,0.00124
2226.74853,0.00124
2225.78415,0.00123
2224.81977,0.00123
2223.85539,0.00123
2222.89101,0.00122
2221.92664,0.00122
2220.96226,0.00122
2219.99788,0.00121
2219.03350,0.00121
2218.06912,0.00121
2217.10475,0.00121
2216.14037,0.00120
2215.17599,0.00120
2214.21161,0.00120
2213.24724,0.00119
2212.28286,0.00119
2211.31848,0.00119
2210.35410,0.00119
2209.38972,0.00118
2208.42535,0.00118
2207.46097,0.00118
2206.49659,0.00117
2205.53221,0.00117
2204.56783,0.00117
2203.60346,0.00117
2202.63908,0.00116
2201.67470,0.00116
2200.71032,0.00116
2199.74594,0.00115
2198.78157,0.00115
2197.81719,0.00115
2196.85281,0.00115
2195.88843,0.00114
2194.92406,0.00114
2193.95968,0.00114
2192.99530,0.00113
2192.03092,0.00113
2191.06654,0.00113
2190.10217,0.00113
2189.13779,0.00112
2188.17341,0.00112
2187.20903,0.00112
2186.24465,0.00111
2185.28028,0.00111
2184.31590,0.00111
2183.35152,0.00111
2182.38714,0.00110
2181.42276,0.00110
2180.45839,0.00110
2179.49401,0.00109
2178.52963,0.00109
2177.56525,0.00109
2176.60088,0.00109
2175.63650,0.00108
2174.67212,0.00108
2173.70774,0.00108
2172.74336,0.00107
2171.77899,0.00107
2170.81461,0.00107
2169.85023,0.00107
2168.88585,0.00106
2167.92147,0.00106
2166.95710,0.00106
2165.99272,0.00105
2165.02834,0.00105
2164.06396,0.00105
2163.09959,0.00104
2162.13521,0.00104
2161.17083,0.00104
2160.20645,0.00104
2159.24207,0.00103
2158.27770,0.00103
2157.31332,0.00103
2156.34894,0.00102
2155.38456,0.00102
2154.42018,0.00102
2153.45581,0.00102
2152.49143,0.00101
2151.52705,0.00101
2150.56267,0.00101
2149.59829,0.00100
2148.63392,0.00100
2147.66954,0.00100
2146.70516,0.00100
2145.74078,0.00099
2144.77641,0.00099
2143.81203,0.00099
2142.84765,0.00098
2141.88327,0.00098
2140.91889,0.00098
2139.95452,0.00098
2138.99014,0.00097
2138.02576,0.00097
2137.06138,0.00097
2136.09700,0.00096
2135.13263,0.00096
2134.16825,0.00096
2133.20387,0.00096
2132.23949,0.00095
2131.27512,0.00095
2130.31074,0.00095
2129.34636,0.00094
2128.38198,0.00094
2127.41760,0.00094
2126.45323,0.00094
2125.48885,0.00093
2124.52447,0.00093
2123.56009,0.00093
2122.59571,0.00092
2121.63134,0.00092
2120.66696,0.00092
2119.70258,0.00092
2118.73820,0.00091
2117.77382,0.00091
2116.80945,0.00091
2115.84507,0.00090
2114.88069,0.00090
2113.91631,0.00090
2112.95194,0.00090
2111.98756,0.00089
2111.02318,0.00089
2110.05880,0.00089
2109.09442,0.00088
2108.13005,0.00088
2107.16567,0.00088
2106.20129,0.00088
2105.23691,0.00087
2104.27253,0.00087
2103.30816,0.00087
2102.34378,0.00086
2101.37940,0.00086
2100.41502,0.00086
2099.45065,0.00085
2098.48627,0.00085
2097.52189,0.00085
2096.55751,0.00085
2095.59313,0.00084
2094.62876,0.00084
2093.66438,0.00084
2092.70000,0.00083
2091.73562,0.00083
2090.77124,0.00083
2089.80687,0.00083
2088.84249,0.00082
2087.87811,0.00082
2086.91373,0.00082
2085.94935,0.00081
2084.98498,0.00081
2084.02060,0.00081
2083.05622,0.00081
2082.09184,0.00080
2081.12747,0.00080
2080.16309,0.00080
2079.19871,0.00079
2078.23433,0.00079
2077.26995,0.00079
2076.30558,0.00079
2075.34120,0.00078
2074.37682,0.00078
2073.41244,0.00078
2072.44806,0.00077
2071.48369,0.00077
2070.51931,0.00077
2069.55493,0.00077
2068.59055,0.00076
2067.62618,0.00076
2066.66180,0.00076
2065.69742,0.00075
2064.73304,0.00075
2063.76866,0.00075
2062.80429,0.00075
2061.83991,0.00074
2060.87553,0.00074
2059.91115,0.00074
2058.94677,0.00073
2057.98240,0.00073
2057.01802,0.00073
2056.05364,0.00073
2055.08926,0.00072
2054.12488,0.00072
2053.16051,0.00072
2052.19613,0.00071
2051.23175,0.00071
2050.26737,0.00071
2049.30300,0.00071
2048.33862,0.00070
2047.37424,0.00070
2046.40986,0.00070
2045.44548,0.00069
2044.48111,0.00069
2043.51673,0.00069
2042.55235,0.00068
2041.58797,0.00068
2040.62359,0.00068
2039.65922,0.00068
2038.69484,0.00067
2037.73046,0.00067
2036.76608,0.00067
2035.80171,0.00066
2034.83733,0.00066
2033.87295,0.00066
2032.90857,0.00066
2031.94419,0.00065
2030.97982,0.00065
2030.01544,0.00065
2029.05106,0.00064
2028.08668,0.00064
2027.12230,0.00064
2026.15793,0.00064
2025.19355,0.00063
2024.22917,0.00063
2023.26479,0.00063
2022.30041,0.00062
2021.33604,0.00062
2020.37166,0.00062
2019.40728,0.00062
2018.44290,0.00061
2017.47853,0.00061
2016.51415,0.00061
2015.54977,0.00060
2014.58539,0.00060
2013.62101,0.00060
2012.65664,0.00060
2011.69226,0.00059
2010.72788,0.00059
2009.76350,0.00059
2008.79912,0.00058
2007.83475,0.00058
2006.87037,0.00058
2005.90599,0.00058
2004.94161,0.00057
2003.97724,0.00057
2003.01286,0.00057
2002.04848,0.00056
2001.08410,0.00056
2000.11972,0.00056
1999.15535,0.00056
1998.19097,0.00055
1997.22659,0.00055
1996.26221,0.00055
1995.29783,0.00054
1994.33346,0.00054
1993.36908,0.00054
1992.40470,0.00054
1991.44032,0.00053
1990.47594,0.00053
1989.51157,0.00053
1988.54719,0.00052
1987.58281,0.00052
1986.61843,0.00052
1985.65406,0.00052
1984.68968,0.00051
1983.72530,0.00051
1982.76092,0.00051
1981.79654,0.00050
1980.83217,0.00050
1979.86779,0.00050
1978.90341,0.00049
1977.93903,0.00049
1976.97465,0.00049
1976.01028,0.00049
1975.04590,0.00048
1974.08152,0.00048
1973.11714,0.00048
1972.15276,0.00047
1971.18839,0.00047
1970.22401,0.00047
1969.25963,0.00047
1968.29525,0.00046
1967.33088,0.00046
1966.36650,0.00046
1965.40212,0.00045
1964.43774,0.00045
1963.47336,0.00045
1962.50899,0.00045
1961.54461,0.00044
1960.58023,0.00044
1959.61585,0.00044
1958.65147,0.00043
1957.68710,0.00043
1956.72272,0.00043
1955.75834,0.00043
1954.79396,0.00042
1953.82959,0.00042
1952.86521,0.00042
1951.90083,0.00041
1950.93645,0.00041
1949.97207,0.00041
1949.00770,0.00041
1948.04332,0.00040
1947.07894,0.00040
1946.11456,0.00040
1945.15018,0.00039
1944.18581,0.00039
1943.22143,0.00039
1942.25705,0.00039
1941.29267,0.00038
1940.32829,0.00038
1939.36392,0.00038
1938.39954,0.00037
1937.43516,0.00037
1936.47078,0.00037
1935.50641,0.00037
1934.54203,0.00036
1933.57765,0.00036
1932.61327,0.00036
1931.64889,0.00035
1930.68452,0.00035
1929.72014,0.00035
1928.75576,0.00035
1927.79138,0.00034
1926.82700,0.00034
1925.86263,0.00062
1924.89825,0.00095
1923.93387,0.00107
1922.96949,0.00114
1922.00512,0.00070
1921.04074,0.00102
1920.07636,0.00138
1919.11198,0.00145
1918.14760,0.00161
1917.18323,0.00156
1916.21885,0.00169
1915.25447,0.00135
1914.29009,0.00104
1913.32571,0.00092
1912.36134,0.00104
1911.39696,0.00141
1910.43258,0.00121
1909.46820,0.00141
1908.50382,0.00154
1907.53945,0.00106
1906.57507,0.00088
1905.61069,0.00105
1904.64631,0.00102
1903.68194,0.00085
1902.71756,0.00109
1901.75318,0.00125
1900.78880,0.00135
1899.82442,0.00139
1898.86005,0.00111
1897.89567,0.00107
1896.93129,0.00105
1895.96691,0.00084
1895.00253,0.00068
1894.03816,0.00076
1893.07378,0.00068
1892.10940,0.00049
1891.14502,0.00067
1890.18065,0.00100
1889.21627,0.00113
1888.25189,0.00067
1887.28751,0.00074
1886.32313,0.00120
1885.35876,0.00104
1884.39438,0.00112
1883.43000,0.00113
1882.46562,0.00080
1881.50124,0.00082
1880.53687,0.00117
1879.57249,0.00134
1878.60811,0.00123
1877.64373,0.00116
1876.67935,0.00106
1875.71498,0.00134
1874.75060,0.00152
1873.78622,0.00123
1872.82184,0.00097
1871.85747,0.00078
1870.89309,0.00089
1869.92871,0.00119
1868.96433,0.00147
1867.99995,0.00131
1867.03558,0.00109
1866.07120,0.00122
1865.10682,0.00089
1864.14244,0.00072
1863.17806,0.00093
1862.21369,0.00101
1861.24931,0.00110
1860.28493,0.00111
1859.32055,0.00117
1858.35618,0.00132
1857.39180,0.00138
1856.42742,0.00127
1855.46304,0.00143
1854.49866,0.00164
1853.53429,0.00141
1852.56991,0.00137
1851.60553,0.00130
1850.64115,0.00118
1849.67677,0.00128
1848.71240,0.00112
1847.74802,0.00096
1846.78364,0.00108
1845.81926,0.00131
1844.85488,0.00136
1843.89051,0.00143
1842.92613,0.00144
1841.96175,0.00111
1840.99737,0.00108
1840.03300,0.00126
1839.06862,0.00137
1838.10424,0.00151
1837.13986,0.00136
1836.17548,0.00116
1835.21111,0.00121
1834.24673,0.00123
1833.28235,0.00116
1832.31797,0.00126
1831.35359,0.00124
1830.38922,0.00120
1829.42484,0.00134
1828.46046,0.00139
1827.49608,0.00145
1826.53171,0.00133
1825.56733,0.00125
1824.60295,0.00128
1823.63857,0.00129
1822.67419,0.00139
1821.70982,0.00128
1820.74544,0.00117
1819.78106,0.00130
1818.81668,0.00152
1817.85230,0.00158
1816.88793,0.00142
1815.92355,0.00131
1814.95917,0.00119
1813.99479,0.00127
1813.03041,0.00146
1812.06604,0.00144
1811.10166,0.00134
1810.13728,0.00118
1809.17290,0.00129
1808.20853,0.00148
1807.24415,0.00143
1806.27977,0.00145
1805.31539,0.00142
1804.35101,0.00132
1803.38664,0.00131
1802.42226,0.00137
1801.45788,0.00141
1800.49350,0.00147
1799.52912,0.00159
1798.56475,0.00157
1797.60037,0.00141
1796.63599,0.00135
1795.67161,0.00143
1794.70724,0.00149
1793.74286,0.00140
1792.77848,0.00135
1791.81410,0.00148
1790.84972,0.00152
1789.88535,0.00138
1788.92097,0.00138
1787.95659,0.00147
1786.99221,0.00145
1786.02783,0.00145
1785.06346,0.00146
1784.09908,0.00148
1783.13470,0.00154
1782.17032,0.00156
1781.20594,0.00151
1780.24157,0.00152
1779.27719,0.00152
1778.31281,0.00147
1777.34843,0.00137
1776.38406,0.00141
1775.41968,0.00155
1774.45530,0.00152
1773.49092,0.00152
1772.52654,0.00163
1771.56217,0.00164
1770.59779,0.00153
1769.63341,0.00151
1768.66903,0.00157
1767.70465,0.00154
1766.74028,0.00158
1765.77590,0.00161
1764.81152,0.00149
1763.84714,0.00150
1762.88276,0.00162
1761.91839,0.00163
1760.95401,0.00158
1759.98963,0.00166
1759.02525,0.00179
1758.06088,0.00186
1757.09650,0.00182
1756.13212,0.00165
1755.16774,0.00166
1754.20336,0.00175
1753.23899,0.00175
1752.27461,0.00180
1751.31023,0.00181
1750.34585,0.00179
1749.38147,0.00181
1748.41710,0.00182
1747.45272,0.00174
1746.48834,0.00170
1745.52396,0.00183
1744.55959,0.00189
1743.59521,0.00186
1742.63083,0.00186
1741.66645,0.00188
1740.70207,0.00192
1739.73770,0.00196
1738.77332,0.00190
1737.80894,0.00183
1736.84456,0.00192
1735.88018,0.00199
1734.91581,0.00206
1733.95143,0.00214
1732.98705,0.00203
1732.02267,0.00188
1731.05829,0.00184
1730.09392,0.00183
1729.12954,0.00183
1728.16516,0.00182
1727.20078,0.00189
1726.23641,0.00197
1725.27203,0.00197
1724.30765,0.00196
1723.34327,0.00192
1722.37889,0.00187
1721.41452,0.00191
1720.45014,0.00192
1719.48576,0.00188
1718.52138,0.00196
1717.55700,0.00205
1716.59263,0.00200
1715.62825,0.00199
1714.66387,0.00200
1713.69949,0.00193
1712.73512,0.00191
1711.77074,0.00200
1710.80636,0.00202
1709.84198,0.00195
1708.87760,0.00199
1707.91323,0.00201
1706.94885,0.00196
1705.98447,0.00197
1705.02009,0.00191
1704.05571,0.00189
1703.09134,0.00192
1702.12696,0.00195
1701.16258,0.00200
1700.19820,0.00201
1699.23382,0.00202
1698.26945,0.00196
1697.30507,0.00197
1696.34069,0.00207
1695.37631,0.00205
1694.41194,0.00199
1693.44756,0.00191
1692.48318,0.00189
1691.51880,0.00194
1690.55442,0.00197
1689.59005,0.00199
1688.62567,0.00200
1687.66129,0.00200
1686.69691,0.00195
1685.73253,0.00200
1684.76816,0.00209
1683.80378,0.00200
1682.83940,0.00192
1681.87502,0.00197
1680.91065,0.00198
1679.94627,0.00189
1678.98189,0.00185
1678.01751,0.00184
1677.05313,0.00191
1676.08876,0.00204
1675.12438,0.00197
1674.16000,0.00181
1673.19562,0.00183
1672.23124,0.00187
1671.26687,0.00184
1670.30249,0.00182
1669.33811,0.00182
1668.37373,0.00178
1667.40935,0.00180
1666.44498,0.00180
1665.48060,0.00180
1664.51622,0.00179
1663.55184,0.00176
1662.58747,0.00183
1661.62309,0.00187
1660.65871,0.00187
1659.69433,0.00181
1658.72995,0.00174
1657.76558,0.00177
1656.80120,0.00176
1655.83682,0.00179
1654.87244,0.00182
1653.90806,0.00188
1652.94369,0.00202
1651.97931,0.00192
1651.01493,0.00175
1650.05055,0.00173
1649.08618,0.00181
1648.12180,0.00187
1647.15742,0.00182
1646.19304,0.00179
1645.22866,0.00173
1644.26429,0.00173
1643.29991,0.00175
1642.33553,0.00173
1641.37115,0.00170
1640.40677,0.00164
1639.44240,0.00164
1638.47802,0.00165
1637.51364,0.00166
1636.54926,0.00169
1635.58488,0.00173
1634.62051,0.00175
1633.65613,0.00163
1632.69175,0.00157
1631.72737,0.00158
1630.76300,0.00152
1629.79862,0.00152
1628.83424,0.00157
1627.86986,0.00157
1626.90548,0.00153
1625.94111,0.00156
1624.97673,0.00165
1624.01235,0.00172
1623.04797,0.00168
1622.08359,0.00153
1621.11922,0.00145
1620.15484,0.00145
1619.19046,0.00147
1618.22608,0.00156
1617.26171,0.00165
1616.29733,0.00165
1615.33295,0.00157
1614.36857,0.00150
1613.40419,0.00144
1612.43982,0.00136
1611.47544,0.00131
1610.51106,0.00130
1609.54668,0.00129
1608.58230,0.00128
1607.61793,0.00130
1606.65355,0.00129
1605.68917,0.00129
1604.72479,0.00134
1603.76041,0.00133
1602.79604,0.00127
1601.83166,0.00127
1600.86728,0.00133
1599.90290,0.00137
1598.93853,0.00136
1597.97415,0.00137
1597.00977,0.00135
1596.04539,0.00127
1595.08101,0.00127
1594.11664,0.00129
1593.15226,0.00123
1592.18788,0.00123
1591.22350,0.00129
1590.25912,0.00132
1589.29475,0.00131
1588.33037,0.00128
1587.36599,0.00128
1586.40161,0.00127
1585.43724,0.00122
1584.47286,0.00121
1583.50848,0.00127
1582.54410,0.00131
1581.57972,0.00130
1580.61535,0.00133
1579.65097,0.00135
1578.68659,0.00132
1577.72221,0.00135
1576.75783,0.00138
1575.79346,0.00131
1574.82908,0.00130
1573.86470,0.00132
1572.90032,0.00129
1571.93594,0.00128
1570.97157,0.00127
1570.00719,0.00125
1569.04281,0.00123
1568.07843,0.00123
1567.11406,0.00125
1566.14968,0.00125
1565.18530,0.00123
1564.22092,0.00124
1563.25654,0.00122
1562.29217,0.00120
1561.32779,0.00127
1560.36341,0.00142
1559.39903,0.00143
1558.43465,0.00133
1557.47028,0.00127
1556.50590,0.00126
1555.54152,0.00135
1554.57714,0.00141
1553.61276,0.00135
1552.64839,0.00133
1551.68401,0.00133
1550.71963,0.00127
1549.75525,0.00123
1548.79088,0.00123
1547.82650,0.00123
1546.86212,0.00124
1545.89774,0.00131
1544.93336,0.00135
1543.96899,0.00131
1543.00461,0.00130
1542.04023,0.00134
1541.07585,0.00136
1540.11147,0.00141
1539.14710,0.00142
1538.18272,0.00130
1537.21834,0.00123
1536.25396,0.00122
1535.28959,0.00124
1534.32521,0.00131
1533.36083,0.00132
1532.39645,0.00125
1531.43207,0.00125
1530.46770,0.00128
1529.50332,0.00129
1528.53894,0.00137
1527.57456,0.00134
1526.61018,0.00121
1525.64581,0.00122
1524.68143,0.00128
1523.71705,0.00130
1522.75267,0.00131
1521.78829,0.00133
1520.82392,0.00135
1519.85954,0.00127
1518.89516,0.00122
1517.93078,0.00124
1516.96641,0.00127
1516.00203,0.00127
1515.03765,0.00123
1514.07327,0.00121
1513.10889,0.00121
1512.14452,0.00118
1511.18014,0.00115
1510.21576,0.00115
1509.25138,0.00120
1508.28700,0.00128
1507.32263,0.00133
1506.35825,0.00131
1505.39387,0.00129
1504.42949,0.00121
1503.46512,0.00115
1502.50074,0.00116
1501.53636,0.00115
1500.57198,0.00113
1499.60760,0.00111
1498.64323,0.00115
1497.67885,0.00125
1496.71447,0.00132
1495.75009,0.00130
1494.78571,0.00123
1493.82134,0.00118
1492.85696,0.00114
1491.89258,0.00114
1490.92820,0.00122
1489.96382,0.00125
1488.99945,0.00123
1488.03507,0.00125
1487.07069,0.00128
1486.10631,0.00123
1485.14194,0.00117
1484.17756,0.00115
1483.21318,0.00112
1482.24880,0.00115
1481.28442,0.00121
1480.32005,0.00119
1479.35567,0.00115
1478.39129,0.00115
1477.42691,0.00118
1476.46253,0.00120
1475.49816,0.00120
1474.53378,0.00123
1473.56940,0.00128
1472.60502,0.00130
1471.64065,0.00127
1470.67627,0.00119
1469.71189,0.00114
1468.74751,0.00115
1467.78313,0.00115
1466.81876,0.00110
1465.85438,0.00118
1464.89000,0.00130
1463.92562,0.00126
1462.96124,0.00124
1461.99687,0.00127
1461.03249,0.00127
1460.06811,0.00129
1459.10373,0.00134
1458.13935,0.00144
1457.17498,0.00148
1456.21060,0.00141
1455.24622,0.00133
1454.28184,0.00127
1453.31747,0.00124
1452.35309,0.00128
1451.38871,0.00134
1450.42433,0.00135
1449.45995,0.00139
1448.49558,0.00144
1447.53120,0.00142
1446.56682,0.00135
1445.60244,0.00133
1444.63806,0.00136
1443.67369,0.00137
1442.70931,0.00136
1441.74493,0.00129
1440.78055,0.00127
1439.81618,0.00135
1438.85180,0.00131
1437.88742,0.00132
1436.92304,0.00145
1435.95866,0.00144
1434.99429,0.00138
1434.02991,0.00140
1433.06553,0.00140
1432.10115,0.00137
1431.13677,0.00136
1430.17240,0.00137
1429.20802,0.00135
1428.24364,0.00134
1427.27926,0.00129
1426.31488,0.00121
1425.35051,0.00126
1424.38613,0.00142
1423.42175,0.00147
1422.45737,0.00141
1421.49300,0.00138
1420.52862,0.00139
1419.56424,0.00139
1418.59986,0.00134
1417.63548,0.00134
1416.67111,0.00137
1415.70673,0.00129
1414.74235,0.00131
1413.77797,0.00138
1412.81359,0.00134
1411.84922,0.00137
1410.88484,0.00143
1409.92046,0.00149
1408.95608,0.00150
1407.99171,0.00139
1407.02733,0.00136
1406.06295,0.00144
1405.09857,0.00152
1404.13419,0.00147
1403.16982,0.00139
1402.20544,0.00145
1401.24106,0.00145
1400.27668,0.00142
1399.31230,0.00147
1398.34793,0.00148
1397.38355,0.00145
1396.41917,0.00144
1395.45479,0.00145
1394.49041,0.00152
1393.52604,0.00153
1392.56166,0.00146
1391.59728,0.00145
1390.63290,0.00150
1389.66853,0.00150
1388.70415,0.00149
1387.73977,0.00157
1386.77539,0.00160
1385.81101,0.00152
1384.84664,0.00147
1383.88226,0.00151
1382.91788,0.00164
1381.95350,0.00169
1380.98912,0.00165
1380.02475,0.00163
1379.06037,0.00161
1378.09599,0.00164
1377.13161,0.00170
1376.16724,0.00167
1375.20286,0.00169
1374.23848,0.00173
1373.27410,0.00170
1372.30972,0.00168
1371.34535,0.00173
1370.38097,0.00173
1369.41659,0.00164
1368.45221,0.00163
1367.48783,0.00166
1366.52346,0.00170
1365.55908,0.00176
1364.59470,0.00177
1363.63032,0.00175
1362.66594,0.00176
1361.70157,0.00179
1360.73719,0.00182
1359.77281,0.00188
1358.80843,0.00189
1357.84406,0.00187
1356.87968,0.00187
1355.91530,0.00188
1354.95092,0.00192
1353.98654,0.00194
1353.02217,0.00193
1352.05779,0.00191
1351.09341,0.00189
1350.12903,0.00192
1349.16465,0.00198
1348.20028,0.00202
1347.23590,0.00201
1346.27152,0.00202
1345.30714,0.00206
1344.34276,0.00209
1343.37839,0.00213
1342.41401,0.00214
1341.44963,0.00211
1340.48525,0.00214
1339.52088,0.00223
1338.55650,0.00234
1337.59212,0.00235
1336.62774,0.00229
1335.66336,0.00224
1334.69899,0.00224
1333.73461,0.00225
1332.77023,0.00225
1331.80585,0.00232
1330.84147,0.00238
1329.87710,0.00240
1328.91272,0.00243
1327.94834,0.00243
1326.98396,0.00247
1326.01959,0.00255
1325.05521,0.00255
1324.09083,0.00251
1323.12645,0.00253
1322.16207,0.00257
1321.19770,0.00260
1320.23332,0.00264
1319.26894,0.00269
1318.30456,0.00269
1317.34018,0.00263
1316.37581,0.00258
1315.41143,0.00268
1314.44705,0.00281
1313.48267,0.00279
1312.51829,0.00271
1311.55392,0.00271
1310.58954,0.00273
1309.62516,0.00279
1308.66078,0.00288
1307.69641,0.00296
1306.73203,0.00296
1305.76765,0.00288
1304.80327,0.00284
1303.83889,0.00291
1302.87452,0.00302
1301.91014,0.00304
1300.94576,0.00300
1299.98138,0.00305
1299.01700,0.00311
1298.05263,0.00307
1297.08825,0.00305
1296.12387,0.00310
1295.15949,0.00310
1294.19512,0.00309
1293.23074,0.00309
1292.26636,0.00310
1291.30198,0.00318
1290.33760,0.00320
1289.37323,0.00315
1288.40885,0.00318
1287.44447,0.00321
1286.48009,0.00321
1285.51571,0.00327
1284.55134,0.00332
1283.58696,0.00323
1282.62258,0.00317
1281.65820,0.00323
1280.69382,0.00329
1279.72945,0.00334
1278.76507,0.00334
1277.80069,0.00331
1276.83631,0.00331
1275.87194,0.00344
1274.90756,0.00351
1273.94318,0.00344
1272.97880,0.00340
1272.01442,0.00338
1271.05005,0.00341
1270.08567,0.00349
1269.12129,0.00355
1268.15691,0.00359
1267.19253,0.00361
1266.22816,0.00371
1265.26378,0.00382
1264.29940,0.00377
1263.33502,0.00365
1262.37065,0.00363
1261.40627,0.00368
1260.44189,0.00374
1259.47751,0.00373
1258.51313,0.00373
1257.54876,0.00378
1256.58438,0.00374
1255.62000,0.00373
1254.65562,0.00381
1253.69124,0.00392
1252.72687,0.00401
1251.76249,0.00400
1250.79811,0.00399
1249.83373,0.00404
1248.86935,0.00404
1247.90498,0.00402
1246.94060,0.00401
1245.97622,0.00404
1245.01184,0.00405
1244.04747,0.00406
1243.08309,0.00408
1242.11871,0.00416
1241.15433,0.00421
1240.18995,0.00421
1239.22558,0.00428
1238.26120,0.00431
1237.29682,0.00432
1236.33244,0.00437
1235.36806,0.00437
1234.40369,0.00434
1233.43931,0.00433
1232.47493,0.00437
1231.51055,0.00435
1230.54618,0.00437
1229.58180,0.00448
1228.61742,0.00450
1227.65304,0.00454
1226.68866,0.00458
1225.72429,0.00455
1224.75991,0.00452
1223.79553,0.00453
1222.83115,0.00458
1221.86677,0.00457
1220.90240,0.00456
1219.93802,0.00461
1218.97364,0.00468
1218.00926,0.00474
1217.04488,0.00476
1216.08051,0.00471
1215.11613,0.00472
1214.15175,0.00477
1213.18737,0.00476
1212.22300,0.00475
1211.25862,0.00475
1210.29424,0.00478
1209.32986,0.00490
1208.36548,0.00487
1207.40111,0.00482
1206.43673,0.00489
1205.47235,0.00493
1204.50797,0.00490
1203.54359,0.00487
1202.57922,0.00488
1201.61484,0.00489
1200.65046,0.00496
1199.68608,0.00504
1198.72171,0.00506
1197.75733,0.00510
1196.79295,0.00512
1195.82857,0.00511
1194.86419,0.00503
1193.89982,0.00502
1192.93544,0.00512
1191.97106,0.00515
1191.00668,0.00519
1190.04230,0.00528
1189.07793,0.00524
1188.11355,0.00516
1187.14917,0.00519
1186.18479,0.00526
1185.22041,0.00531
1184.25604,0.00536
1183.29166,0.00533
1182.32728,0.00529
1181.36290,0.00539
1180.39853,0.00548
1179.43415,0.00547
1178.46977,0.00545
1177.50539,0.00539
1176.54101,0.00539
1175.57664,0.00543
1174.61226,0.00543
1173.64788,0.00536
1172.68350,0.00534
1171.71912,0.00543
1170.75475,0.00538
1169.79037,0.00527
1168.82599,0.00528
1167.86161,0.00525
1166.89724,0.00524
1165.93286,0.00533
1164.96848,0.00538
1164.00410,0.00530
1163.03972,0.00522
1162.07535,0.00522
1161.11097,0.00510
1160.14659,0.00499
1159.18221,0.00511
1158.21783,0.00519
1157.25346,0.00518
1156.28908,0.00525
1155.32470,0.00522
1154.36032,0.00512
1153.39594,0.00512
1152.43157,0.00511
1151.46719,0.00507
1150.50281,0.00501
1149.53843,0.00495
1148.57406,0.00503
1147.60968,0.00511
1146.64530,0.00506
1145.68092,0.00498
1144.71654,0.00496
1143.75217,0.00492
1142.78779,0.00478
1141.82341,0.00465
1140.85903,0.00466
1139.89465,0.00475
1138.93028,0.00481
1137.96590,0.00477
1137.00152,0.00470
1136.03714,0.00468
1135.07276,0.00466
1134.10839,0.00462
1133.14401,0.00449
1132.17963,0.00436
1131.21525,0.00435
1130.25088,0.00435
1129.28650,0.00435
1128.32212,0.00427
1127.35774,0.00412
1126.39336,0.00413
1125.42899,0.00419
1124.46461,0.00413
1123.50023,0.00400
1122.53585,0.00388
1121.57147,0.00382
1120.60710,0.00383
1119.64272,0.00381
1118.67834,0.00373
1117.71396,0.00366
1116.74959,0.00370
1115.78521,0.00381
1114.82083,0.00382
1113.85645,0.00374
1112.89207,0.00365
1111.92770,0.00357
1110.96332,0.00356
1109.99894,0.00356
1109.03456,0.00354
1108.07018,0.00343
1107.10581,0.00332
1106.14143,0.00338
1105.17705,0.00349
1104.21267,0.00352
1103.24829,0.00352
1102.28392,0.00352
1101.31954,0.00345
1100.35516,0.00339
1099.39078,0.00326
1098.42641,0.00314
1097.46203,0.00321
1096.49765,0.00330
1095.53327,0.00332
1094.56889,0.00338
1093.60452,0.00342
1092.64014,0.00339
1091.67576,0.00328
1090.71138,0.00321
1089.74700,0.00320
1088.78263,0.00319
1087.81825,0.00325
1086.85387,0.00335
1085.88949,0.00337
1084.92512,0.00333
1083.96074,0.00324
1082.99636,0.00321
1082.03198,0.00341
1081.06760,0.00354
1080.10323,0.00347
1079.13885,0.00341
1078.17447,0.00343
1077.21009,0.00357
1076.24571,0.00366
1075.28134,0.00374
1074.31696,0.00392
1073.35258,0.00394
1072.38820,0.00380
1071.42382,0.00374
1070.45945,0.00384
1069.49507,0.00396
1068.53069,0.00398
1067.56631,0.00399
1066.60194,0.00408
1065.63756,0.00418
1064.67318,0.00418
1063.70880,0.00413
1062.74442,0.00406
1061.78005,0.00411
1060.81567,0.00428
1059.85129,0.00439
1058.88691,0.00442
1057.92253,0.00439
1056.95816,0.00433
1055.99378,0.00434
1055.02940,0.00438
1054.06502,0.00436
1053.10065,0.00435
1052.13627,0.00437
1051.17189,0.00443
1050.20751,0.00455
1049.24313,0.00463
1048.27876,0.00456
1047.31438,0.00437
1046.35000,0.00431
1045.38562,0.00448
1044.42124,0.00459
1043.45687,0.00456
1042.49249,0.00455
1041.52811,0.00456
1040.56373,0.00450
1039.59935,0.00437
1038.63498,0.00430
1037.67060,0.00439
1036.70622,0.00439
1035.74184,0.00426
1034.77747,0.00421
1033.81309,0.00407
1032.84871,0.00408
1031.88433,0.00427
1030.91995,0.00419
1029.95558,0.00400
1028.99120,0.00390
1028.02682,0.00390
1027.06244,0.00396
1026.09806,0.00396
1025.13369,0.00388
1024.16931,0.00375
1023.20493,0.00378
1022.24055,0.00391
1021.27618,0.00390
1020.31180,0.00374
1019.34742,0.00365
1018.38304,0.00373
1017.41866,0.00377
1016.45429,0.00382
1015.48991,0.00369
1014.52553,0.00344
1013.56115,0.00350
1012.59677,0.00369
1011.63240,0.00372
1010.66802,0.00356
1009.70364,0.00346
1008.73926,0.00343
1007.77488,0.00337
1006.81051,0.00330
1005.84613,0.00315
1004.88175,0.00302
1003.91737,0.00311
1002.95300,0.00325
1001.98862,0.00315
1001.02424,0.00297
1000.05986,0.00296
999.09548,0.00296
998.13111,0.00294
997.16673,0.00289
996.20235,0.00280
995.23797,0.00281
994.27359,0.00289
993.30922,0.00288
992.34484,0.00282
991.38046,0.00282
990.41608,0.00272
989.45171,0.00264
988.48733,0.00264
987.52295,0.00263
986.55857,0.00264
985.59419,0.00255
984.62982,0.00245
983.66544,0.00259
982.70106,0.00278
981.73668,0.00288
980.77230,0.00289
979.80793,0.00280
978.84355,0.00264
977.87917,0.00259
976.91479,0.00258
975.95041,0.00256
974.98604,0.00251
974.02166,0.00243
973.05728,0.00244
972.09290,0.00246
971.12853,0.00248
970.16415,0.00249
969.19977,0.00249
968.23539,0.00239
967.27101,0.00227
966.30664,0.00237
965.34226,0.00236
964.37788,0.00219
963.41350,0.00220
962.44912,0.00236
961.48475,0.00236
960.52037,0.00235
959.55599,0.00250
958.59161,0.00250
957.62724,0.00252
956.66286,0.00257
955.69848,0.00242
954.73410,0.00231
953.76972,0.00238
952.80535,0.00243
951.84097,0.00235
950.87659,0.00238
949.91221,0.00252
948.94783,0.00268
947.98346,0.00265
947.01908,0.00238
946.05470,0.00231
945.09032,0.00237
944.12594,0.00243
943.16157,0.00242
942.19719,0.00238
941.23281,0.00245
940.26843,0.00238
939.30406,0.00231
938.33968,0.00234
937.37530,0.00228
936.41092,0.00224
935.44654,0.00235
934.48217,0.00244
933.51779,0.00246
932.55341,0.00253
931.58903,0.00239
930.62465,0.00221
929.66028,0.00235
928.69590,0.00247
927.73152,0.00245
926.76714,0.00245
925.80276,0.00256
924.83839,0.00266
923.87401,0.00269
922.90963,0.00279
921.94525,0.00285
920.98088,0.00272
920.01650,0.00255
919.05212,0.00255
918.08774,0.00260
917.12336,0.00261
916.15899,0.00261
915.19461,0.00279
914.23023,0.00293
913.26585,0.00283
912.30147,0.00282
911.33710,0.00285
910.37272,0.00290
909.40834,0.00296
908.44396,0.00308
907.47959,0.00317
906.51521,0.00307
905.55083,0.00301
904.58645,0.00309
903.62207,0.00331
902.65770,0.00332
901.69332,0.00314
900.72894,0.00324
899.76456,0.00335
898.80018,0.00350
897.83581,0.00345
896.87143,0.00322
895.90705,0.00324
894.94267,0.00336
893.97829,0.00355
893.01392,0.00369
892.04954,0.00377
891.08516,0.00376
890.12078,0.00365
889.15641,0.00357
888.19203,0.00355
887.22765,0.00354
886.26327,0.00342
885.29889,0.00348
884.33452,0.00373
883.37014,0.00380
882.40576,0.00360
881.44138,0.00335
880.47700,0.00343
879.51263,0.00344
878.54825,0.00339
877.58387,0.00367
876.61949,0.00372
875.65512,0.00355
874.69074,0.00352
873.72636,0.00353
872.76198,0.00356
871.79760,0.00341
870.83323,0.00321
869.86885,0.00334
868.90447,0.00338
867.94009,0.00331
866.97571,0.00335
866.01134,0.00326
865.04696,0.00324
864.08258,0.00320
863.11820,0.00316
862.15382,0.00328
861.18945,0.00323
860.22507,0.00304
859.26069,0.00286
858.29631,0.00294
857.33194,0.00307
856.36756,0.00297
855.40318,0.00299
854.43880,0.00303
853.47442,0.00294
852.51005,0.00293
851.54567,0.00290
850.58129,0.00274
849.61691,0.00247
848.65253,0.00237
847.68816,0.00247
846.72378,0.00255
845.75940,0.00264
844.79502,0.00264
843.83065,0.00259
842.86627,0.00255
841.90189,0.00242
840.93751,0.00236
839.97313,0.00242
839.00876,0.00237
838.04438,0.00224
837.08000,0.00229
836.11562,0.00237
835.15124,0.00237
834.18687,0.00244
833.22249,0.00243
832.25811,0.00232
831.29373,0.00221
830.32935,0.00211
829.36498,0.00212
828.40060,0.00218
827.43622,0.00229
826.47184,0.00228
825.50747,0.00220
824.54309,0.00226
823.57871,0.00218
822.61433,0.00204
821.64995,0.00199
820.68558,0.00212
819.72120,0.00229
818.75682,0.00221
817.79244,0.00216
816.82806,0.00217
815.86369,0.00206
814.89931,0.00205
813.93493,0.00219
812.97055,0.00224
812.00618,0.00200
811.04180,0.00193
810.07742,0.00213
809.11304,0.00211
808.14866,0.00219
807.18429,0.00212
806.21991,0.00194
805.25553,0.00225
804.29115,0.00237
803.32677,0.00209
802.36240,0.00199
801.39802,0.00208
800.43364,0.00212
799.46926,0.00196
798.50488,0.00190
797.54051,0.00199
796.57613,0.00198
795.61175,0.00188
794.64737,0.00179
793.68300,0.00189
792.71862,0.00213
791.75424,0.00228
790.78986,0.00215
789.82548,0.00199
788.86111,0.00202
787.89673,0.00206
786.93235,0.00197
785.96797,0.00187
785.00359,0.00181
784.03922,0.00177
783.07484,0.00206
782.11046,0.00235
781.14608,0.00199
780.18171,0.00163
779.21733,0.00168
778.25295,0.00198
777.28857,0.00228
776.32419,0.00220
775.35982,0.00212
774.39544,0.00220
773.43106,0.00218
772.46668,0.00217
771.50230,0.00223
770.53793,0.00226
769.57355,0.00213
768.60917,0.00193
767.64479,0.00186
766.68041,0.00171
765.71604,0.00162
764.75166,0.00172
763.78728,0.00181
762.82290,0.00197
761.85853,0.00195
760.89415,0.00170
759.92977,0.00179
758.96539,0.00217
758.00101,0.00218
757.03664,0.00196
756.07226,0.00198
755.10788,0.00198
754.14350,0.00174
753.17912,0.00154
752.21475,0.00177
751.25037,0.00203
750.28599,0.00200
749.32161,0.00201
748.35724,0.00206
747.39286,0.00206
746.42848,0.00179
745.46410,0.00161
744.49972,0.00184
743.53535,0.00187
742.57097,0.00191
741.60659,0.00214
740.64221,0.00208
739.67783,0.00184
738.71346,0.00178
737.74908,0.00182
736.78470,0.00178
735.82032,0.00179
734.85594,0.00165
733.89157,0.00184
732.92719,0.00223
731.96281,0.00206
730.99843,0.00188
730.03406,0.00200
729.06968,0.00208
728.10530,0.00212
727.14092,0.00218
726.17654,0.00224
725.21217,0.00234
724.24779,0.00244
723.28341,0.00220
722.31903,0.00199
721.35465,0.00202
720.39028,0.00203
719.42590,0.00213
718.46152,0.00197
717.49714,0.00159
716.53276,0.00156
715.56839,0.00169
714.60401,0.00188
713.63963,0.00204
712.67525,0.00193
711.71088,0.00198
710.74650,0.00194
709.78212,0.00175
708.81774,0.00178
707.85336,0.00178
706.88899,0.00174
705.92461,0.00162
704.96023,0.00153
703.99585,0.00173
703.03147,0.00195
702.06710,0.00201
701.10272,0.00190
700.13834,0.00183
699.17396,0.00181
698.20959,0.00174
697.24521,0.00179
696.28083,0.00183
695.31645,0.00192
694.35207,0.00196
693.38770,0.00189
692.42332,0.00185
691.45894,0.00174
690.49456,0.00173
689.53018,0.00185
688.56581,0.00197
687.60143,0.00200
686.63705,0.00179
685.67267,0.00174
684.70829,0.00186
683.74392,0.00187
682.77954,0.00200
681.81516,0.00206
680.85078,0.00187
679.88641,0.00180
678.92203,0.00191
677.95765,0.00205
676.99327,0.00200
676.02889,0.00191
675.06452,0.00199
674.10014,0.00194
673.13576,0.00189
672.17138,0.00189
671.20700,0.00191
670.24263,0.00199
669.27825,0.00235
668.31387,0.00333
667.34949,0.00328
666.38512,0.00228
665.42074,0.00198
664.45636,0.00190
663.49198,0.00192
662.52760,0.00205
661.56323,0.00207
660.59885,0.00212
659.63447,0.00194
658.67009,0.00177
657.70571,0.00198
656.74134,0.00220
655.77696,0.00204
654.81258,0.00181
653.84820,0.00179
652.88382,0.00174
651.91945,0.00166
650.95507,0.00180
649.99069,0.00207
649.02631,0.00213
648.06194,0.00204
647.09756,0.00206
646.13318,0.00203
645.16880,0.00188
644.20442,0.00193
643.24005,0.00205
642.27567,0.00198
641.31129,0.00196
640.34691,0.00183
639.38253,0.00160
638.41816,0.00175
637.45378,0.00203
636.48940,0.00208
635.52502,0.00201
634.56065,0.00214
633.59627,0.00223
632.63189,0.00197
631.66751,0.00173
630.70313,0.00154
629.73876,0.00144
628.77438,0.00146
627.81000,0.00144
626.84562,0.00145
625.88124,0.00144
624.91687,0.00195
623.95249,0.00230
622.98811,0.00459
622.02373,0.00824
621.05935,0.00550
620.09498,0.00325
619.13060,0.00258
618.16622,0.00338
617.20184,0.00590
616.23747,0.00282
615.27309,0.00127
614.30871,0.00527
613.34433,0.00688
612.37995,0.00397
611.41558,-0.00056
610.45120,-0.00299
609.48682,-0.00069
608.52244,0.00196
607.55806,0.00057
606.59369,0.00106
605.62931,0.00336
604.66493,0.00347
603.70055,0.00292
602.73618,0.00301
601.77180,0.00392
600.80742,0.00428
599.84304,0.00399
598.87866,0.00392
597.91429,0.00402
596.94991,0.00337
595.98553,0.00176
595.02115,0.00117
594.05677,0.00176
593.09240,0.00246
592.12802,0.00334
591.16364,0.00379
590.19926,0.00378
589.23488,0.00391
588.27051,0.00390
587.30613,0.00353
586.34175,0.00320
585.37737,0.00307
584.41300,0.00331
583.44862,0.00360
582.48424,0.00308
581.51986,0.00303
580.55548,0.00404
579.59111,0.00415
578.62673,0.00387
577.66235,0.00432
576.69797,0.00430
575.73359,0.00360
574.76922,0.00308
573.80484,0.00310
572.84046,0.00345
571.87608,0.00371
570.91171,0.00380
569.94733,0.00368
568.98295,0.00363
568.01857,0.00353
567.05419,0.00330
566.08982,0.00366
565.12544,0.00451
564.16106,0.00456
563.19668,0.00376
562.23230,0.00337
561.26793,0.00287
560.30355,0.00237
559.33917,0.00282
558.37479,0.00313
557.41041,0.00296
556.44604,0.00267
555.48166,0.00242
554.51728,0.00259
553.55290,0.00272
552.58853,0.00249
551.62415,0.00210
550.65977,0.00218
549.69539,0.00282
548.73101,0.00302
547.76664,0.00268
546.80226,0.00250
545.83788,0.00249
544.87350,0.00258
543.90912,0.00295
542.94475,0.00290
541.98037,0.00244
541.01599,0.00222
540.05161,0.00197
539.08724,0.00166
538.12286,0.00157
537.15848,0.00191
536.19410,0.00226
535.22972,0.00242
534.26535,0.00252
533.30097,0.00214
532.33659,0.00184
531.37221,0.00218
530.40783,0.00249
529.44346,0.00226
528.47908,0.00198
527.51470,0.00192
526.55032,0.00163
525.58594,0.00155
524.62157,0.00205
523.65719,0.00271
522.69281,0.00298
521.72843,0.00274
520.76406,0.00249
519.79968,0.00238
518.83530,0.00237
517.87092,0.00246
516.90654,0.00257
515.94217,0.00238
514.97779,0.00207
514.01341,0.00214
513.04903,0.00240
512.08465,0.00245
511.12028,0.00206
510.15590,0.00160
509.19152,0.00148
508.22714,0.00196
507.26276,0.00223
506.29839,0.00156
505.33401,0.00127
504.36963,0.00159
503.40525,0.00178
502.44088,0.00179
501.47650,0.00183
500.51212,0.00207
499.54774,0.00172
498.58336,0.00145
497.61899,0.00206
496.65461,0.00233
495.69023,0.00216
494.72585,0.00220
493.76147,0.00232
492.79710,0.00235
491.83272,0.00239
490.86834,0.00262
489.90396,0.00248
488.93959,0.00211
487.97521,0.00208
487.01083,0.00204
486.04645,0.00226
485.08207,0.00248
484.11770,0.00235
483.15332,0.00254
482.18894,0.00251
481.22456,0.00236
480.26018,0.00262
479.29581,0.00270
478.33143,0.00240
477.36705,0.00212
476.40267,0.00213
475.43829,0.00196
474.47392,0.00181
473.50954,0.00210
472.54516,0.00218
471.58078,0.00185
470.61641,0.00169
469.65203,0.00203
468.68765,0.00254
467.72327,0.00287
466.75889,0.00286
465.79452,0.00258
464.83014,0.00234
463.86576,0.00177
462.90138,0.00125
461.93700,0.00160
460.97263,0.00224
460.00825,0.00227
459.04387,0.00210
458.07949,0.00226
457.11512,0.00243
456.15074,0.00220
455.18636,0.00178
454.22198,0.00196
453.25760,0.00235
452.29323,0.00231
451.32885,0.00230
450.36447,0.00229
449.40009,0.00228
448.43571,0.00246
447.47134,0.00243
446.50696,0.00202
445.54258,0.00220
444.57820,0.00267
443.61382,0.00231
442.64945,0.00199
441.68507,0.00206
440.72069,0.00235
439.75631,0.00244
438.79194,0.00172
437.82756,0.00145
436.86318,0.00184
435.89880,0.00174
434.93442,0.00159
433.97005,0.00180
433.00567,0.00183
432.04129,0.00175
431.07691,0.00203
430.11253,0.00214
429.14816,0.00187
428.18378,0.00200
427.21940,0.00224
426.25502,0.00216
425.29065,0.00217
424.32627,0.00191
423.36189,0.00155
422.39751,0.00178
421.43313,0.00202
420.46876,0.00200
419.50438,0.00195
418.54000,0.00212
417.57562,0.00243
416.61124,0.00202
415.64687,0.00136
414.68249,0.00154
413.71811,0.00189
412.75373,0.00164
411.78935,0.00145
410.82498,0.00152
409.86060,0.00152
408.89622,0.00158
407.93184,0.00172
406.96747,0.00186
406.00309,0.00184
405.03871,0.00177
404.07433,0.00194
403.10995,0.00210
402.14558,0.00216
401.18120,0.00202
400.21682,0.00171
399.25244,0.00146
